        int arr10[] = {47, 89, 12, 36, 58, 71, 24, 93, 5, 67};
        int arr20[] = {54, 23, 87, 12, 65, 30, 91, 42, 78, 5, 68, 37, 14, 96, 21, 83, 49, 72, 10, 57};
        int arr30[] = {42, 87, 15, 63, 91, 5, 30, 74, 18, 55, 68, 3, 97, 49, 25, 82, 12, 36, 60, 10, 79, 24, 50, 71, 8, 45, 96, 20, 57, 33};
        int arr40[] = {57, 22, 83, 41, 95, 68, 10, 36, 77, 29, 63, 17, 90, 49, 3, 58, 8, 71, 55, 89, 44, 97, 12, 32, 76, 20, 66, 40, 86, 14, 51, 25, 69, 94, 6, 34, 72, 27, 79, 45};
        int arr60[] = {38, 74, 9, 55, 82, 21, 47, 63, 16, 89, 34, 98, 7, 41, 29, 68, 92, 13, 57, 85, 23, 49, 79, 3, 67, 96, 27, 61, 18, 87, 36, 71, 6, 52, 94, 31, 75, 12, 83, 45, 81, 26, 59, 37, 78, 14, 69, 4, 91, 32, 65, 23, 87, 54, 34, 1, 24, 78, 90, 22};
        int arr70[] = {68, 32, 45, 79, 11, 53, 27, 90, 4, 62, 88, 13, 20, 97, 70, 3, 52, 81, 25, 15, 36, 67, 49, 8, 58, 99, 71, 84, 17, 40, 75, 6, 24, 87, 56, 34, 69, 23, 93, 30, 61, 39, 2, 50, 83, 29, 12, 78, 21, 64, 46, 95, 19, 77, 51, 35, 66, 22, 91, 54, 31, 14, 85, 41, 96, 74, 59, 38, 94, 48};
        int arr80[] = {87, 42, 19, 65, 3, 91, 55, 28, 77, 10, 50, 68, 36, 81, 14, 63, 94, 29, 7, 49, 96, 22, 59, 12, 72, 39, 85, 31, 67, 5, 73, 47, 18, 78, 24, 61, 34, 89, 57, 20, 84, 45, 90, 16, 53, 98, 37, 71, 9, 75, 26, 60, 33, 82, 30, 66, 2, 99, 46, 8, 79, 43, 93, 1, 56, 88, 15, 64, 25, 58, 95, 21, 80, 38, 74, 4, 97, 52, 11, 80};
        int arr90[] = {24, 62, 11, 83, 5, 36, 79, 49, 18, 90, 67, 42, 88, 7, 54, 29, 75, 95, 13, 70, 33, 81, 60, 27, 45, 3, 98, 20, 72, 51, 16, 84, 40, 93, 2, 55, 8, 68, 38, 87, 21, 74, 1, 85, 59, 17, 76, 31, 64, 25, 96, 4, 30, 58, 80, 19, 77, 14, 78, 35, 61, 9, 82, 47, 26, 73, 6, 94, 32, 66, 89, 23, 53, 99, 34, 71, 48, 10, 57, 86, 41, 91, 12, 63, 44, 28, 97, 15, 69, 52};
        int arr100[] = {86, 15, 97, 42, 3, 29, 54, 79, 60, 91, 98, 6, 68, 44, 1, 59, 22, 88, 8, 95, 7, 24, 77, 35, 10, 72, 92, 27, 41, 89, 17, 61, 31, 47, 83, 82, 93, 45, 13, 66, 87, 58, 70, 76, 99, 5, 49, 63, 28, 20, 73, 52, 65, 36, 53, 96, 74, 64, 34, 50, 38, 25, 71, 57, 16, 26, 4, 39, 37, 9, 23, 40, 21, 84, 67, 78, 56, 48, 85, 11, 12, 69, 90, 30, 94, 80, 2, 19, 33, 46, 81, 14, 55, 75, 51, 18, 43, 32, 62, 10};

